J=0.1;
k=50;
B=1;
Td=0.02;
tau=1/300;
eta=5;
beta=50;
